0 23 54 10 26 45 1
1 39 58 15 13 45 1
2 55 42 17 46 14 2
3 54 39 14 5 59 1
4 16 27 2 38 49 1
5 18 3 4 14 36 2
6 15 37 8 37 56 1
7 7 15 9 28 49 1
8 52 44 16 40 10 1
9 24 19 17 44 47 1
10 10 36 5 35 53 2
11 56 59 10 32 13 1
12 28 16 7 43 32 2
13 25 56 21 30 20 1
14 13 15 11 27 25 2
15 14 15 10 37 27 2
16 14 26 19 13 21 1
17 10 13 0 17 2 2
18 33 27 10 32 3 1
19 20 36 18 42 35 2
20 39 34 23 8 4 1
21 27 46 14 49 5 2
22 48 3 18 48 37 1
23 37 27 23 30 20 1
24 21 17 8 53 50 1
25 46 15 11 14 46 2
26 2 5 20 6 37 1
27 10 32 11 46 1 1
28 43 33 2 30 48 1
29 46 48 3 6 5 1
30 40 51 21 47 56 1
31 15 23 22 41 39 2
32 2 6 13 3 7 2
33 7 24 2 39 31 2
34 12 36 23 19 52 1
35 4 29 15 35 47 1
36 28 56 5 11 17 2
37 19 20 3 52 55 1
38 2 14 11 23 22 2
39 32 35 6 25 50 1
40 35 0 7 13 7 1
41 29 28 21 24 10 2
42 30 21 11 47 18 1
43 45 18 13 47 13 1
44 4 36 18 13 51 2
45 48 8 6 52 52 1
46 13 50 3 15 45 1
47 41 9 1 8 0 2
48 42 9 6 21 39 2
49 36 41 0 3 7 1
50 30 5 9 0 36 2
51 17 1 9 22 57 2
52 54 18 22 22 51 2
53 26 14 22 15 1 2
54 17 56 13 25 34 1
55 37 13 12 15 56 2
56 52 26 16 20 10 2
57 2 16 6 23 17 2
58 47 38 0 35 0 1
59 4 48 14 43 19 2
