0 5 28 9 11 27 1
1 0 17 19 45 2 2
2 44 2 11 0 48 2
3 25 54 23 5 52 2
4 59 15 17 20 19 1
5 21 47 5 32 42 2
6 50 48 18 39 10 1
7 7 29 2 13 28 2
8 51 27 16 54 8 1
9 50 16 4 6 8 1
10 49 36 20 13 49 2
11 56 47 11 51 57 1
12 6 8 16 45 27 1
13 2 0 0 47 59 1
14 42 6 22 29 55 2
15 32 29 9 59 58 1
16 40 21 12 19 43 2
17 32 18 7 19 41 1
18 51 44 2 9 19 2
19 2 55 4 47 37 2
20 6 14 17 26 58 2
21 4 15 4 34 39 1
22 57 2 16 3 8 2
23 8 49 6 9 19 2
24 32 35 14 6 31 1
25 55 24 8 47 0 1
26 45 13 22 21 11 1
27 8 49 13 25 25 2
28 51 11 19 1 25 2
29 2 24 11 23 53 1
30 2 1 8 45 48 2
31 11 15 13 0 27 1
32 47 7 3 47 23 2
33 51 35 10 3 24 1
34 20 16 23 14 24 2
35 17 14 9 11 11 2
36 23 44 4 14 15 2
37 44 22 10 1 40 2
38 17 5 13 50 54 1
39 13 40 10 58 53 1
40 19 29 20 43 57 1
41 29 10 0 34 4 2
42 30 37 19 13 50 1
43 47 16 14 23 49 2
44 15 29 16 7 44 2
45 37 19 8 16 14 2
46 3 50 11 47 48 2
47 11 39 13 5 26 1
48 36 45 21 14 42 2
49 16 50 16 8 24 2
50 13 59 1 30 15 2
51 10 34 5 1 59 1
52 30 53 9 24 21 1
53 28 59 0 37 27 1
54 32 47 22 1 35 1
55 4 16 9 27 21 1
56 57 5 22 59 8 2
57 45 22 12 39 12 1
58 46 49 0 26 54 2
59 44 25 5 56 24 1

