0 14 65 17 52 10 3
1 38 99 21 24 36 6
2 46 3 4 3 14 4
3 21 79 17 51 54 2
4 15 68 12 53 6 3
5 74 71 16 42 58 8
6 9 86 13 38 1 5
7 70 34 4 54 19 3
8 10 11 17 45 42 1
9 56 13 22 56 36 1
10 90 39 18 12 10 7
11 62 34 2 21 34 8
12 97 70 4 23 6 6
13 14 34 16 18 7 7
14 83 74 13 27 4 8
15 98 36 14 26 0 6
16 84 85 3 8 33 7
17 21 54 22 40 12 4
18 70 49 16 7 31 2
19 91 6 1 57 7 5
20 1 37 20 49 48 4
21 36 42 6 35 3 5
22 62 12 23 40 36 3
23 81 46 18 56 30 5
24 80 65 17 20 10 2
25 26 87 5 42 28 4
26 87 18 16 27 35 5
27 0 12 21 0 51 6
28 58 6 22 51 21 5
29 95 49 10 2 9 6
30 32 10 13 21 7 3
31 48 57 7 47 47 6
32 64 41 16 44 55 8
33 6 94 9 11 0 8
34 55 88 15 4 42 6
35 43 15 14 41 20 1
36 59 64 6 56 16 1
37 70 17 20 22 32 6
38 38 58 3 54 48 7
39 68 22 20 55 31 1
40 48 29 18 24 25 5
41 68 31 19 1 11 1
42 50 23 23 30 49 8
43 84 31 12 11 6 5
44 25 75 16 40 17 7
45 98 94 20 35 4 7
46 15 56 4 27 21 8
47 63 16 2 2 33 8
48 28 59 20 4 44 1
49 52 10 17 54 49 5
50 80 50 12 22 41 7
51 39 30 5 49 17 4
52 29 13 6 58 7 3
53 73 11 16 23 32 1
54 62 95 4 41 15 8
55 91 44 15 46 6 8
56 36 57 0 27 0 8
57 74 90 13 10 40 6
58 96 19 2 24 31 1
59 20 50 2 13 51 1
60 25 43 22 30 33 6
61 24 21 8 9 56 3
62 99 35 23 34 51 1
63 73 75 19 28 41 1
64 98 4 11 44 57 1
65 48 6 20 13 53 4
66 74 86 5 15 50 6
67 41 40 2 55 25 5
68 43 83 1 55 16 4
69 13 5 20 0 55 6
70 69 23 0 44 59 4
71 26 71 22 1 1 8
72 62 54 0 8 9 4
73 43 0 7 22 35 1
74 93 25 6 1 30 6
75 58 37 4 22 29 2
76 8 83 12 53 46 5
77 84 1 11 15 37 2
78 88 31 10 41 49 2
79 33 1 7 12 17 4
80 68 72 10 52 5 8
81 66 47 12 19 30 7
82 28 41 19 24 54 7
83 60 99 16 3 33 6
84 17 71 1 15 11 8
85 37 86 13 19 5 4
86 4 90 8 16 26 4
87 54 38 1 18 48 4
88 55 4 14 23 55 6
89 11 24 11 41 6 8
90 25 87 6 18 49 8
91 36 53 15 29 20 5
92 50 58 9 55 53 6
93 2 86 10 15 29 5
94 13 52 5 10 11 1
95 21 42 10 26 56 7
96 86 87 16 20 54 7
97 21 43 1 3 39 6
98 1 13 4 18 42 4
99 20 19 15 56 51 8

