6 AvingudadeFrança
7 AvingudadeJosepTarradellasiJoan
8 AvingudadeLluísPericot
9 AvingudadeMarianoÁlvarezdeCastro
10 AvingudadeMontilivi
11 AvingudadeRamonFolch
12 AvingudadeSantFrancesc
13 AvingudadeSantNarcís
14 Avingudadel'AmicalMauthausen
15 Avingudadel20deJuny
16 AvingudadelaFontdelaPólvora
17 AvingudadelaHispanitat
18 BaixadadelaFontdelBisbe
19 BaixadadelaFontdelCanó
20 CamídeCanCarreres
21 Camídel'EscoladeMontjuïc
22 CamídelPalcodelsSastres
23 CamídelPladeDalt
24 CamídelaFontdel'Abat
25 CarrerCentral
26 CarrerMedieval
27 CarrerNou
28 CarrerNoudelTeatre
29 Carrerd'Adri
30 Carrerd'AgustíRieraiPau
31 Carrerd'Aiguaviva
32 Carrerd'Alacant
33 Carrerd'Albacete
34 Carrerd'Albí
35 Carrerd'AlfredNobel
36 Carrerd'Andalusia
37 Carrerd'AndreuTuyetiSantamaria
38 Carrerd'AnselmClavéiCamps
39 Carrerd'AnticRoca
40 Carrerd'AntonAgullana
41 Carrerd'AntoniBarnésiGultresa
42 Carrerd'AntoniCanet
43 Carrerd'AntoniGaudíiCornet
44 Carrerd'AntoniRoviraiVirgili
45 Carrerd'AntoniVarésiMartinell
46 Carrerd'AntòniaAdroheriPascual
47 Carrerd'Aragó
48 Carrerd'Astúries
49 Carrerd'AuroraBertranaiSalazar
50 Carrerd'Avel·líArtísiGener,"Tísner"
51 Carrerd'Elx
52 Carrerd'EmiliGrahit
53 Carrerd'Empúries
54 Carrerd'EmíliaXargayiPagès
55 Carrerd'EnricAdroheriPascual
56 Carrerd'EnricClaudiGirbaliNadal
57 Carrerd'EnricMarquèsiRibalta
58 Carrerd'EnricPratdelaRiba
59 Carrerd'Ibèria
60 Carrerd'IgnasiIglésias
61 Carrerd'IsabellaCatòlica
62 Carrerd'Orient
63 Carrerd'OriolMartorelliCodina
64 Carrerd'Osca
65 Carrerd'OvidiMontllor
66 Carrerd'Oviedo
*
26 40 18
53 8 20
37 56 1
51 43 10
19 13 11
39 34 20
17 40 2
20 4 7
51 23 16
39 14 6
30 53 16
43 55 19
7 1 17
59 51 1
14 3 10
39 22 5
27 13 20
14 50 16
17 26 9
30 53 7
7 47 20
41 37 4
8 18 6
41 21 14
9 27 6
11 14 15
60 28 2
22 9 8
8 11 17
26 36 18
33 16 8
3 34 16
54 47 6
59 56 14
42 45 3
7 47 6
19 60 3
9 50 15
16 38 12
31 29 1
58 35 1
25 50 14
48 59 14
7 28 2
59 27 17
21 30 13
14 4 5
58 12 19
15 28 19
35 21 17
35 43 6
20 60 12
32 12 13
17 41 1
19 55 17
28 44 13
40 55 7
56 58 15
18 41 8
47 41 9
6 17 7
32 31 11
44 33 17
7 51 16
8 3 2
30 14 13
34 3 11
5 52 15
42 21 3
29 16 18
26 2 1
25 45 5
53 25 8
4 30 1
12 10 1
18 31 8
59 14 19
11 5 13
30 19 16
48 53 6
19 28 15
17 50 17
34 20 17
39 45 10
34 3 16
51 24 19
6 13 17
9 40 2
7 26 20
40 10 2
25 12 6
4 5 6
17 55 9
33 37 5
24 3 9
9 32 7
12 56 2
22 42 4
6 34 14
60 28 14
26 45 18
52 57 11
34 60 19
9 18 9
50 54 7
10 47 11
16 27 2
37 9 19
20 13 16
54 45 9
15 40 19
2 32 9
27 28 11
44 50 9
54 19 15
26 15 1
56 33 14
2 10 19
29 56 2
6 39 3
26 46 1
31 46 18
4 7 5
8 52 14
44 41 8
19 37 10
16 58 12
59 8 20
55 18 20
36 17 9
58 43 18
38 22 4
53 27 1
26 43 14
56 2 19
12 1 5
20 18 2
26 19 5
46 6 10
57 16 5
23 21 9
24 1 3
58 24 14
55 48 3
20 19 13
48 25 5
8 26 7
49 33 12
26 47 14
15 59 13
6 1 9
29 1 14
22 1 1
26 15 1
12 45 13
46 2 7
49 34 2
41 59 11
33 42 4
45 55 11
1 33 10
52 36 15
49 59 14
17 7 20
22 32 9
36 58 12
6 36 8
46 26 6
28 6 13
34 9 11
58 42 17
1 12 20
51 18 6
49 24 2
15 31 6
22 12 1
54 53 3
51 28 4
32 1 13
3 31 5
25 41 17
53 19 11
52 55 2
34 39 15
25 51 11
55 50 1
3 2 16
35 20 15
46 57 11
47 20 9
31 4 15
20 59 18
48 30 10
57 55 16
58 45 2
13 12 2
59 6 14
50 41 19
51 15 11
4 59 2
57 25 11
6 18 2
40 3 19
18 21 12
32 2 16
44 8 18
22 21 3
37 10 17
13 48 19
50 47 14
49 17 13
45 39 12
48 51 20
10 49 15
24 52 19
40 27 9
23 43 16
2 37 18
24 4 4
52 37 3
26 13 18
17 49 10
21 41 2
24 12 2
57 35 19
8 39 11
34 25 20
54 15 12
45 48 11
46 45 12
53 19 20
16 29 18
9 4 6
33 12 4
3 60 13
32 17 7
48 14 18
35 59 16
51 38 10
55 11 5
20 56 15
40 53 13
14 47 12
7 26 20
35 27 2
51 57 8
3 59 2
58 14 8
7 25 11
55 46 12
40 31 7
35 46 8
25 4 13
33 22 7
32 54 13
26 59 5
50 57 17
31 5 14
6 56 13
5 28 4
2 23 20
55 7 5
28 1 3
44 28 20
42 23 4
53 56 16
7 8 6
20 25 18
34 14 8
47 55 6
32 17 11
5 50 11
38 41 14
41 59 19
33 58 6
40 34 14
48 40 17
5 8 16
38 47 7
36 41 13
2 10 10
26 41 14
4 14 3
7 27 12
50 31 6
4 56 3
41 32 16
38 24 16
17 41 4
28 60 11
39 10 14
31 50 9
27 31 4
50 54 15
55 41 6
31 47 4
42 22 15
60 7 2
19 17 2
49 16 5
37 58 19
33 2 4
36 32 3
3 31 1
38 41 2
8 21 17
23 40 7
28 10 12
37 36 10
20 19 6
24 35 2
27 16 11
44 55 20
50 8 19
53 28 20
10 56 14
10 3 11
29 34 9
4 31 10
59 46 20
19 31 17
33 40 14
51 25 2
20 22 16
15 42 4
51 56 20
34 2 13
41 26 12
52 5 15
18 31 20
39 11 7
28 39 20
26 45 15
41 60 9
26 28 14
25 35 6
26 33 2
24 47 4
52 19 12
49 33 16
27 30 4
48 36 14
46 27 5
42 25 20
28 52 20
17 3 16
44 49 5
40 41 9
35 4 7
51 8 11
36 46 10
18 42 19
35 27 3
3 34 9
50 17 3
33 32 18
15 19 20
27 37 3
60 45 1
24 16 18
33 3 11
12 36 20
54 27 13
28 11 6
4 10 3
42 4 7
44 45 1
1 43 2
48 45 14
34 38 13
14 27 6
53 19 14
44 35 5
18 55 2
11 29 17
32 27 20
34 47 6
46 23 10
46 18 10
49 42 1
16 26 8
39 30 4
15 7 13
30 5 2
13 14 16
57 28 8
29 39 1
21 25 12
28 25 8
17 13 13
60 54 18
43 12 14
1 47 14
23 31 18
7 1 7
14 33 1
15 6 7
26 49 10
13 40 1
50 51 5
51 13 9
21 50 13
47 36 10
53 39 16
2 35 19
21 36 19
33 36 17
24 34 11
12 55 9
50 11 1
27 11 4
28 7 17
10 42 16
5 13 11
22 18 7
24 14 3
2 21 1
15 14 19
28 45 12
42 59 14
9 27 11
29 41 14
11 45 1
25 27 6
36 20 4
42 13 16
20 34 10
55 57 10
52 21 17
45 43 7
10 34 18
22 9 1
45 10 17
39 15 20
20 10 6
9 57 3
55 42 14
45 14 18
54 31 11
55 12 2
51 57 10
18 42 8
33 27 7
45 6 16
25 44 5
41 53 17
10 54 9
13 12 12
44 9 3
10 21 11
40 56 10
32 52 5
20 42 14
44 25 18
4 59 3
53 16 3
48 41 6
27 44 19
34 55 6
53 25 16
27 50 12
55 38 1
11 20 1
32 9 19
41 17 17
18 44 3
31 12 11
44 29 5
44 26 3
6 22 5
23 33 16
24 25 4
13 44 20
39 4 1
10 31 17
23 29 17
16 2 15
13 30 2
24 1 4
16 13 1
39 25 1
29 50 1
15 17 17
7 37 9
34 59 8
58 52 11
42 18 12
58 55 8
13 24 10
3 36 11
10 5 20
42 55 7
13 21 13
12 60 8
16 19 19
25 49 7
53 17 18
55 32 11
54 7 17
2 43 6
18 36 11
9 55 11
41 60 18
27 17 12
8 3 1
33 2 18
23 7 14
42 25 1
19 8 15
53 16 2
27 15 19
55 16 7
57 32 7
36 57 1
49 27 3
26 30 19
44 55 16
58 18 17
31 42 7
47 50 15
46 11 10
5 60 3
12 40 11
47 6 16
13 6 3
4 56 17
27 23 9
13 28 9
3 36 2
32 34 18
22 30 18
22 24 6
8 49 1
33 31 18
18 33 7
34 18 19
29 56 17
58 20 13
47 3 1
42 18 15
35 26 17
41 28 12
31 59 4
25 40 16
46 2 13
15 2 15
27 47 19
48 6 16
10 57 11
6 36 2
27 48 4
28 49 19
57 56 7
18 23 1
28 55 14
60 21 4
29 56 2
36 45 16
34 53 9
39 27 19
46 7 8
38 31 14
20 29 14
37 31 2
3 14 1
15 3 13
31 32 9
59 47 3
33 44 16
38 60 2
42 54 20
36 13 5
15 27 18
46 28 4
29 38 3
31 39 15
16 39 3
38 11 14
15 50 19
53 54 16
26 8 12
8 11 8
13 2 3
35 50 14
44 6 17
53 56 14
4 24 6
40 37 12
56 50 9
53 14 16
15 5 6
29 24 16
42 40 6
57 26 2
22 32 3
44 59 16
49 26 13
41 55 19
18 6 7
45 36 9
40 54 16
15 29 17
39 7 13
54 12 19
44 49 1
42 58 6
60 47 10
3 10 18
55 15 18
9 42 10
1 22 15
22 29 19
26 60 16
36 42 13
11 12 18
33 52 15
16 9 14
37 7 13
4 36 1
5 53 17
27 49 7
44 25 16
17 33 13
38 11 19
34 43 2
40 43 8
14 60 7
49 38 19
21 20 10
22 49 8
58 10 12
34 42 20
30 14 18
28 58 16
29 41 8
36 7 19
22 32 16
20 57 19
29 3 12
16 56 13
41 55 12
39 33 7
41 3 14
22 26 9
20 13 17
10 18 16
12 29 19
13 47 11
41 11 3
45 42 3
55 27 11
30 46 11
30 1 19
60 52 14
13 59 3
60 7 1
38 59 13
47 23 9
53 47 14
49 56 15
24 59 13
20 7 20
49 48 13
36 14 17
5 34 18
30 49 1
27 9 10
46 28 13
46 57 19
16 32 16
46 45 7
18 9 3
32 50 5
51 43 9
55 13 4
58 8 8
14 9 14
57 38 6
1 21 6
36 28 16
58 10 11
23 27 14
4 57 19
46 22 2
20 1 9
10 22 13
8 23 6
35 6 13
19 2 17
50 35 4
37 33 1
4 2 9
39 16 18
4 33 3
43 51 11
44 4 15
2 7 6
58 3 10
39 28 1
41 27 9
25 3 8
8 11 12
24 19 8
35 5 14
43 49 5
58 41 1
7 54 6
39 58 20
41 20 5
38 36 3
53 37 6
22 44 16
54 17 3
38 29 4
23 45 7
16 28 7
51 19 10
11 53 17
17 30 18
8 52 16
32 56 14
9 15 16
46 28 19
25 10 15
7 32 20
50 27 16
48 39 19
30 60 11
9 1 1
26 22 14
28 41 8
60 7 13
47 5 10
5 6 17
45 40 5
5 23 1
58 8 5
48 5 6
26 6 13
58 36 5
20 58 8
26 22 2
46 9 11
58 40 6
3 1 9
15 20 10
5 41 11
54 16 7
3 52 16
55 8 17
21 28 16
9 45 18
24 52 8
34 30 11
20 6 12
8 34 15
19 1 11
36 4 15
13 28 7
22 3 19
18 60 13
15 2 2
30 4 8
54 60 4
1 7 3
43 11 12
23 18 17
21 58 11
3 12 20
17 23 3
57 42 5
33 34 12
45 36 6
56 46 11
36 46 7
2 21 17
15 59 20
14 35 19
35 53 11
58 41 4
25 43 13
30 53 12
18 55 6
7 57 5
16 3 20
3 5 18
29 14 9
35 3 10
37 27 1
6 11 5
9 5 12
12 17 5
16 58 20
29 2 6
15 43 8
50 20 4
34 16 1
20 52 7
2 27 15
6 37 3
4 29 10
39 52 4
42 23 16
22 37 12
22 17 6
11 16 4
4 18 19
10 25 3
3 23 12
10 48 14
50 10 15
22 18 17
3 47 6
41 31 10
36 57 7
11 30 9
50 24 19
30 52 3
11 5 4
53 9 1
17 25 19
5 13 7
30 56 19
42 57 13
23 42 17
15 32 16
59 6 15
60 38 13
59 52 19
51 32 15
7 44 20
21 56 17
57 19 17
20 42 11
8 51 1
45 41 16
34 17 9
46 6 16
56 35 3
38 13 9
45 51 9
32 58 15
4 45 10
17 12 9
40 19 10
30 50 11
23 19 17
41 28 12
29 44 10
12 1 1
49 58 18
4 20 8
46 22 10
26 60 20
9 56 19
17 21 11
56 23 7
9 53 16
47 37 11
21 27 13
29 24 15
32 51 10
43 48 6
51 44 16
51 34 7
44 9 14
15 33 9
27 22 13
9 36 12
5 29 5
40 9 6
40 35 13
24 44 6
20 52 18
16 7 3
22 43 17
6 50 17
14 3 2
51 43 5
58 53 7
53 5 7
16 33 16
57 26 13
40 22 13
56 18 16
10 17 11
24 43 20
20 27 16
16 44 19
51 30 5
15 21 12
45 39 6
57 13 8
2 27 9
55 30 3
39 6 19
51 59 6
59 53 20
26 56 7
57 6 8
30 22 9
27 54 17
48 20 10
58 23 20
27 59 15
41 22 15
16 31 17
14 8 1
15 44 6
21 13 5
6 35 12
6 12 1
18 40 9
32 21 11
58 10 4
56 5 11
35 14 12
1 44 10
5 49 13
50 4 16
44 6 18
37 11 9
26 18 9
34 25 19
3 59 16
42 50 2
33 45 2
56 22 11
6 25 13
49 55 15
49 30 13
59 14 9
45 10 14
35 10 13
36 41 10
15 6 11
44 36 14
41 48 12
41 11 18
58 13 20
25 39 5
47 13 7
31 1 4
9 38 11
38 56 9
13 55 19
57 46 3
19 50 17
28 18 8
56 24 4
57 58 16
31 7 15
25 8 20
8 55 4
31 26 2
32 5 18
58 19 16
13 17 14
49 60 17
23 4 19
52 11 9
48 42 15
58 39 9
6 43 16
16 22 16
37 24 8
9 35 9
45 56 16
20 56 5
27 14 2
46 27 8
5 59 13
47 53 12
38 4 5
38 14 20
3 44 20
21 2 14
14 20 16
53 51 3
40 47 12
17 38 2
9 34 4
32 55 9
1 37 7
28 56 20
52 34 7
53 22 9
5 48 15
23 31 16
43 35 19
22 41 16
43 41 12
13 53 15
8 37 8
17 51 16
32 6 16
51 58 14
15 32 3
18 5 13
34 3 12
47 37 15
56 8 1
45 25 18
15 33 9
7 44 5
57 29 8
19 48 11
56 6 8
47 37 13
6 60 1
15 28 19
25 57 14
41 12 19
35 15 20
26 38 19
19 11 1
49 9 7
37 22 1
19 60 9
50 36 16
6 33 20
25 15 12
33 51 7
41 35 18
42 57 16
3 9 16
12 44 15
15 28 15
16 26 7
55 14 16
44 5 20
4 3 11
48 22 7
3 45 19
41 27 19
9 2 12
52 23 20
53 35 18
27 42 16
14 40 14
46 16 12
59 33 16
2 1 13
6 30 18
9 57 17
41 20 18
14 9 1
32 12 13
33 9 7
26 23 1
37 42 17
45 43 3
44 22 15
26 17 2
4 9 17
43 41 11
21 44 1
44 16 10
39 14 13
17 39 9
47 38 11
25 24 10
29 48 12
8 42 7
23 40 9
5 15 8
18 3 1
17 14 12
49 47 15
13 5 12
40 30 8
30 28 15
9 4 5
41 32 2
53 29 3
16 4 3
57 42 8
41 20 13
50 59 13
52 38 15
34 42 11
9 40 3
44 25 15
14 55 18
12 6 5
23 14 5
55 41 8
10 36 12
51 7 19
47 55 7
11 22 4
15 3 3
4 48 4
38 40 13
27 50 4
6 13 1
44 32 4
44 5 17
29 32 9
36 35 9
55 18 7
20 7 20
23 52 18
53 56 14
37 4 9
19 45 12
9 60 8
44 49 12
51 5 4
5 7 3
11 36 17
11 33 5
58 16 8
44 4 14
59 17 5
12 9 3
50 2 10
15 31 14
36 49 10
40 11 9
41 3 10
45 40 18
7 49 16
30 11 13
11 57 4
2 49 14
19 39 18
23 42 20
25 26 18
2 4 5
27 22 13
35 25 4
52 5 20
42 40 14
32 29 16
31 10 8
6 26 14
36 18 17
37 10 15
37 47 11
20 60 7
28 3 18
57 50 10
19 39 15
58 56 1
13 12 19
29 59 15
42 21 16
35 17 15
16 39 4
9 11 20
27 12 5
59 9 7
48 38 16
21 25 6
51 23 6
28 8 11
9 26 9
18 19 17
13 41 20
6 59 5
58 38 6
8 41 19
42 48 13
4 40 7
19 8 1
9 47 16
12 50 8
36 52 20
22 52 17
57 25 20
40 13 2
25 35 16
3 19 8
27 12 16
42 14 9
51 1 10
60 19 15
40 27 15
3 18 7
11 46 4
8 45 1
59 57 1
18 12 4
26 16 13
43 23 10
18 10 15
5 29 13
22 17 19
55 44 13
15 41 7
27 10 16
20 44 10
9 35 1
3 12 6
22 12 5
45 5 10
23 55 3
5 18 16
7 15 7
3 24 1
36 55 4
54 42 11
43 26 20
26 10 6
54 9 14
30 58 12
41 7 19
49 16 3
59 49 4
42 32 3
30 8 15
43 21 5
6 24 14
28 57 19
60 13 10
12 36 17
49 31 16
57 51 15
39 28 13
38 20 10
25 38 4
54 56 16
43 38 19
56 11 2
32 13 20
11 33 11
59 23 20
27 10 11
42 14 14
1 14 14
11 55 19
34 44 10
38 45 10
53 48 4
46 52 9
8 41 11
2 28 19
6 46 13
42 57 11
19 12 19
42 50 14
1 45 7
55 13 7
3 45 18
50 23 11
38 14 14
43 21 19
10 15 11
47 46 3
60 31 15
17 13 20
55 4 2
48 38 17
33 18 14
27 43 5
13 28 12
37 48 9
20 48 10
27 59 7
22 13 14
29 9 2
24 22 14
27 16 9
49 42 20
21 51 18
27 49 8
31 44 14
17 31 19
58 4 2
9 18 11
15 53 15
38 23 6
26 2 7
12 50 8
52 19 20
5 11 18
5 44 4
49 20 17
46 22 1
60 54 6
1 8 4
35 27 17
7 6 8
4 54 11
23 50 15
51 5 15
34 41 7
23 53 20
32 56 12
25 45 17
51 20 1
18 34 18
24 41 8
9 58 19
14 19 10
47 11 1
44 40 16
23 55 1
17 15 12
57 37 2
3 30 12
23 60 5
20 28 20
45 22 12
27 58 4
38 47 6
58 8 7
40 35 17
9 32 13
22 32 8
42 34 13
4 9 1
51 29 7
58 8 16
44 51 14
14 38 15
15 1 14
54 45 20
31 52 4
2 12 13
21 23 4
60 57 15
13 8 20
11 46 3
12 43 10
3 34 6
47 3 11
49 19 11
19 59 7
8 43 7
46 18 17
48 49 8
10 37 17
34 52 8
45 47 14
14 46 3
6 18 9
16 58 15
40 52 2
32 29 9
37 13 4
1 30 20
16 15 20
3 46 19
3 50 11
11 18 2
27 6 2
43 2 13
47 35 19
54 26 3
44 36 11
15 18 10
46 55 10
27 42 5
28 27 10
19 48 14
24 42 11
21 14 1
16 6 19
39 1 4
44 24 16
56 57 15
52 8 4
29 5 6
29 50 15
18 23 17
4 40 11
34 12 8
7 49 19
32 34 2
22 28 18
59 42 1
39 53 6
20 39 8
16 4 3
47 3 12
15 60 9
36 48 12
18 19 17
34 6 19
2 10 4
10 44 1
56 4 10
4 2 2
31 36 3
37 47 4
11 36 17
40 30 6
5 9 17
8 50 5
40 31 11
33 53 3
52 58 12
45 38 13
50 7 7
39 37 17
43 50 10
51 50 14
26 34 16
32 27 1
33 17 19
58 14 6
23 49 9
32 53 1
12 15 16
29 33 5
45 59 10
33 36 17
52 49 17
60 47 17
45 18 16
1 37 11
27 43 5
45 60 19
15 21 20
48 3 14
42 41 4
13 5 8
8 26 2
42 32 11
42 56 7
47 40 6
12 7 1
31 5 17
50 24 15
13 16 14
28 17 15
19 16 20
20 49 7
59 36 11
6 56 14
53 52 17
26 31 20
14 33 17
37 51 13
30 56 16
25 39 19
42 34 8
23 51 13
26 33 11
30 44 11
39 10 15
30 34 4
44 27 19
14 54 14
33 46 14
14 15 1
40 4 13
5 55 4
19 15 20
54 17 4
39 11 20
35 20 15
56 16 18
35 59 13
19 7 13
58 51 10
22 24 9
51 38 14
12 20 16
28 10 19
13 31 3
14 17 7
8 58 17
24 23 13
45 38 10
30 23 17
47 36 17
54 19 6
43 44 6
5 4 8
52 37 7
1 6 9
3 35 12
20 46 7
56 11 3
4 25 5
47 17 9
42 41 11
5 20 19
43 18 8
56 9 5
21 13 3
60 19 17
45 37 6
41 18 16
11 10 17
49 8 4
46 32 8
35 20 17
27 45 15
56 42 20
55 25 4
4 5 2
46 52 6
33 37 12
13 29 19
45 26 9
40 33 17
6 56 17
2 1 19
54 57 10
59 13 16
35 46 10
3 58 8
56 33 11
17 21 15
30 41 7
35 26 13
33 35 15
8 29 2
5 52 20
48 18 6
33 57 17
52 6 11
25 60 4
37 54 19
1 56 18
57 21 6
33 1 11
38 3 13
18 59 20
23 28 5
34 12 18
38 14 10
38 26 9
5 6 1
1 58 14
46 21 2
42 49 17
43 25 7
35 2 10
10 4 14
18 44 8
38 19 17
46 28 17
57 54 6
10 60 4
45 23 16
38 1 9
21 46 14
2 21 7
49 39 15
35 32 11
34 18 3
22 30 17
26 27 19
42 44 4
39 27 2
28 27 14
54 28 2
21 12 3
44 3 14
15 37 3
45 54 2
16 3 1
55 19 16
13 16 14
2 47 14
58 24 6
29 44 8
37 51 16
44 30 16
22 34 3
2 42 13
12 16 20
4 34 10
13 39 14
44 57 5
49 33 18
11 37 8
9 55 5
49 29 2
59 6 13
41 3 20
47 32 20
33 32 20
27 21 2
37 59 8
13 24 17
27 49 15
39 7 13
25 44 4
6 33 1
37 48 18
55 32 15
42 54 20
28 27 5
54 42 11
47 59 19
8 42 1
17 48 14
15 44 7
50 44 13
23 28 5
10 22 11
57 20 15
51 49 6
38 52 1
13 18 19
2 43 12
5 59 1
6 10 19
37 7 3
57 25 7
53 18 4
40 11 1
43 47 14
13 44 20
60 12 3
48 2 11
40 9 15
37 9 5
58 27 8
53 3 18
39 5 15
57 50 1
31 2 9
38 44 18
18 6 20
21 60 2
28 20 11
19 30 15
37 41 14
19 3 20
54 44 17
5 27 1
3 16 2
1 21 8
52 58 1
32 14 9
45 13 2
52 31 1
35 40 6
30 35 12
56 25 8
27 29 15
47 35 16
53 38 14
55 29 14
33 25 1
13 40 8
47 23 4
30 3 2
33 54 16
40 57 20
43 20 7
5 15 10
21 20 6
29 44 15
13 43 1
58 21 16
2 47 10
35 47 14
14 55 14
59 43 13
38 2 3
16 28 11
13 38 9
48 29 1
5 9 8
54 16 19
57 21 6
21 44 7
9 35 10
57 31 8
7 59 3
55 60 10
13 58 1
3 58 12
58 52 3
42 38 8
53 45 1
18 49 6
11 35 14
54 2 18
36 9 13
26 33 3
*

