6 AvingudadeFrança
7 AvingudadeJosepTarradellasiJoan
8 AvingudadeLluísPericot
9 AvingudadeMarianoÁlvarezdeCastro
10 AvingudadeMontilivi
11 AvingudadeRamonFolch
12 AvingudadeSantFrancesc
13 AvingudadeSantNarcís
14 Avingudadel'AmicalMauthausen
15 Avingudadel20deJuny
16 AvingudadelaFontdelaPólvora
17 AvingudadelaHispanitat
18 BaixadadelaFontdelBisbe
19 BaixadadelaFontdelCanó
20 CamídeCanCarreres
21 Camídel'EscoladeMontjuïc
22 CamídelPalcodelsSastres
23 CamídelPladeDalt
24 CamídelaFontdel'Abat
25 CarrerCentral
26 CarrerMedieval
27 CarrerNou
28 CarrerNoudelTeatre
29 Carrerd'Adri
30 Carrerd'AgustíRieraiPau
31 Carrerd'Aiguaviva
32 Carrerd'Alacant
33 Carrerd'Albacete
34 Carrerd'Albí
35 Carrerd'AlfredNobel
36 Carrerd'Andalusia
37 Carrerd'AndreuTuyetiSantamaria
38 Carrerd'AnselmClavéiCamps
39 Carrerd'AnticRoca
40 Carrerd'AntonAgullana
41 Carrerd'AntoniBarnésiGultresa
42 Carrerd'AntoniCanet
43 Carrerd'AntoniGaudíiCornet
44 Carrerd'AntoniRoviraiVirgili
45 Carrerd'AntoniVarésiMartinell
46 Carrerd'AntòniaAdroheriPascual
47 Carrerd'Aragó
48 Carrerd'Astúries
49 Carrerd'AuroraBertranaiSalazar
50 Carrerd'Avel·líArtísiGener,"Tísner"
51 Carrerd'Elx
52 Carrerd'EmiliGrahit
53 Carrerd'Empúries
54 Carrerd'EmíliaXargayiPagès
55 Carrerd'EnricAdroheriPascual
56 Carrerd'EnricClaudiGirbaliNadal
57 Carrerd'EnricMarquèsiRibalta
58 Carrerd'EnricPratdelaRiba
59 Carrerd'Ibèria
60 Carrerd'IgnasiIglésias
61 Carrerd'IsabellaCatòlica
62 Carrerd'Orient
63 Carrerd'OriolMartorelliCodina
64 Carrerd'Osca
65 Carrerd'OvidiMontllor
66 Carrerd'Oviedo
*
50 22 19
33 57 10
33 6 15
28 54 19
45 46 18
22 51 13
53 39 7
25 59 1
26 5 10
46 7 14
11 6 10
31 4 2
39 23 6
5 31 10
19 4 18
59 23 4
36 31 14
40 51 16
30 47 15
20 5 19
25 57 1
60 53 14
16 50 16
9 55 8
60 18 12
30 8 20
50 46 1
39 29 7
7 53 17
30 37 20
6 1 9
49 34 3
12 53 20
24 15 18
42 34 5
26 22 14
9 28 15
54 24 15
18 52 16
5 51 19
12 5 17
53 19 6
50 10 17
57 22 16
46 50 8
12 42 18
39 21 14
47 11 8
32 25 2
48 13 10
14 32 4
26 37 11
56 33 12
48 52 1
42 58 7
52 53 11
50 51 15
26 43 10
26 23 3
33 26 5
52 15 1
51 18 13
13 54 14
17 38 14
26 57 7
15 16 8
31 3 18
29 17 19
31 52 9
24 4 6
18 10 19
8 24 20
5 51 3
10 15 7
22 11 10
45 47 17
15 47 8
12 10 13
43 32 20
54 7 15
13 42 14
7 44 9
55 52 6
20 9 3
41 9 3
56 49 1
44 58 2
17 31 17
9 13 3
15 5 11
52 24 14
15 41 16
58 55 15
7 24 4
56 22 10
2 18 9
6 57 3
1 55 20
44 46 20
54 14 13
42 36 17
58 25 10
16 18 16
6 27 17
4 47 4
45 12 7
13 45 2
37 39 6
12 58 8
57 26 7
23 48 11
28 49 15
52 47 11
36 9 15
45 29 13
16 6 9
54 42 9
16 1 6
33 16 7
46 48 3
30 60 12
1 43 4
11 10 15
50 53 13
48 52 4
4 6 10
60 3 3
37 17 13
56 54 2
35 2 18
4 16 18
47 40 18
41 14 18
6 24 17
35 18 15
49 25 17
45 4 15
12 45 8
16 5 12
16 25 16
3 4 16
41 6 17
51 23 3
28 14 2
19 55 5
33 56 2
6 59 20
11 43 3
8 41 15
3 23 15
7 21 7
57 45 17
8 50 5
8 45 5
20 59 3
5 43 13
20 19 8
34 33 19
48 7 17
55 29 3
2 17 7
53 12 15
33 22 14
38 57 14
53 52 4
14 11 5
18 5 1
50 35 1
23 11 18
39 34 20
50 29 16
29 24 2
42 21 20
17 24 19
19 54 12
34 38 7
29 48 8
18 59 10
50 9 12
54 31 10
19 46 20
8 41 9
22 41 9
48 11 2
33 31 20
22 43 5
12 21 10
26 31 4
45 5 6
23 14 7
50 3 17
31 12 15
36 15 11
22 47 11
50 7 1
38 45 17
49 58 7
18 48 1
47 38 8
6 47 20
5 13 11
37 56 1
27 54 17
51 59 6
59 32 11
29 16 12
27 23 3
49 59 16
25 60 12
16 46 10
42 28 1
56 30 5
1 13 4
29 55 2
50 28 14
13 21 8
41 33 20
33 55 9
46 12 14
11 54 11
1 33 3
59 57 8
22 14 15
30 59 12
36 2 8
53 6 14
50 43 18
29 37 15
51 3 19
26 6 6
45 7 17
11 1 16
11 18 9
9 22 6
22 50 6
5 41 16
53 5 18
40 13 5
55 31 6
58 28 6
23 58 5
46 57 15
17 25 4
56 10 9
50 42 14
33 37 10
9 29 15
19 14 2
7 55 4
47 41 16
21 12 15
49 38 10
32 13 18
21 59 4
45 2 16
42 22 7
35 37 8
49 14 7
38 52 3
25 50 19
27 10 19
4 47 5
24 59 9
51 25 19
7 13 18
25 38 5
47 50 2
43 34 11
36 31 13
24 55 2
35 54 12
39 6 10
46 57 3
28 57 15
17 8 11
3 57 17
23 36 16
48 7 14
15 56 12
56 39 20
53 22 13
20 48 1
53 10 10
17 55 13
14 34 11
33 56 18
30 50 4
42 11 14
50 40 8
15 19 18
46 17 10
33 30 10
4 41 17
59 21 1
49 27 3
31 15 16
6 10 6
37 43 4
36 56 19
47 7 20
55 52 3
59 34 4
52 55 18
2 5 7
56 57 11
29 8 3
4 38 9
48 11 18
39 42 16
46 2 5
45 4 6
39 12 6
36 57 18
48 1 18
10 48 19
58 54 12
18 34 10
11 52 19
42 32 20
40 30 16
34 41 14
10 52 18
5 50 5
42 59 4
46 22 19
36 22 15
38 30 4
59 26 15
12 22 19
59 51 1
39 46 4
40 43 15
15 50 9
31 49 14
21 23 11
49 29 17
44 7 8
46 26 7
32 34 13
19 10 3
31 1 15
15 12 20
6 10 13
39 41 1
24 29 11
22 19 17
3 48 14
8 46 2
44 30 19
7 23 18
60 45 16
14 53 5
17 47 17
3 17 17
52 36 10
3 57 20
10 19 18
57 24 17
54 26 3
35 19 12
26 25 7
5 30 14
14 22 13
7 18 15
35 27 15
38 53 7
42 49 6
1 52 2
3 22 18
6 59 13
28 29 5
56 50 18
30 45 4
10 6 18
42 36 6
18 28 10
13 52 11
11 53 1
28 4 19
58 29 17
42 37 15
12 16 7
17 18 1
57 3 14
14 3 5
60 29 16
9 2 7
20 54 9
3 21 6
54 13 9
47 30 19
6 34 13
27 49 12
22 2 9
30 29 9
24 21 13
15 21 16
60 59 8
42 46 16
50 40 14
15 41 15
5 60 4
42 56 16
9 23 5
7 16 20
30 23 8
22 14 19
52 26 10
14 36 12
60 51 3
53 10 17
33 17 17
43 14 11
2 3 6
45 22 8
12 43 11
39 54 15
15 59 2
59 24 5
31 40 18
19 40 11
40 15 6
54 3 1
45 33 17
27 16 15
22 57 18
9 42 17
50 9 19
40 56 11
18 3 1
53 36 14
56 2 18
6 46 18
42 13 8
55 8 19
41 17 10
58 33 1
22 44 20
18 54 8
55 40 16
39 12 15
50 37 20
58 46 11
33 19 6
34 9 2
59 12 14
1 43 16
31 51 5
17 7 9
53 42 1
50 21 11
29 31 8
29 31 19
46 29 10
17 13 8
10 12 19
18 35 13
4 51 15
51 18 12
35 24 20
56 47 20
25 20 11
7 60 4
1 5 18
58 2 5
30 18 1
40 36 13
40 43 12
44 41 11
46 57 20
18 1 16
28 38 17
31 3 16
34 40 20
55 35 20
40 47 7
49 1 7
14 44 3
53 39 13
30 45 12
29 28 2
11 16 13
16 46 5
21 58 7
43 47 20
34 10 2
26 1 19
21 11 15
24 14 17
28 60 16
53 30 11
13 45 7
39 3 20
12 11 16
38 52 5
40 5 2
49 26 9
39 17 11
52 44 5
55 1 1
21 30 2
22 12 5
18 9 17
29 57 13
19 13 14
50 39 3
8 12 10
28 38 8
43 31 4
45 31 4
36 10 16
25 34 5
1 27 3
58 45 8
20 1 8
41 21 13
46 57 16
38 34 13
52 44 13
14 34 13
45 53 11
6 17 17
42 14 7
60 46 3
17 36 3
5 19 17
29 40 1
21 53 5
53 23 12
50 44 9
39 57 9
56 53 13
12 46 9
8 60 20
24 35 20
50 7 6
21 24 18
27 25 19
7 43 13
26 14 10
4 23 15
17 35 13
6 1 1
55 4 19
24 47 10
50 7 6
39 17 19
4 40 6
5 44 3
40 21 18
22 38 13
57 13 13
22 21 2
25 44 5
58 59 10
5 37 9
24 23 12
15 25 17
55 6 9
44 45 16
27 23 8
25 16 6
58 57 15
26 17 6
18 44 12
8 3 2
7 3 5
18 30 18
38 53 11
15 37 3
40 43 5
9 4 12
44 12 9
36 18 10
31 18 18
11 14 9
48 27 13
1 13 10
48 31 8
25 52 3
38 60 17
57 28 1
41 13 13
52 51 8
39 52 8
57 24 11
31 52 18
34 32 18
1 52 14
54 5 14
34 12 15
4 39 1
20 46 1
35 52 17
7 15 14
56 17 9
17 60 7
11 56 13
42 59 8
56 21 3
58 38 5
34 20 10
15 29 20
16 51 15
48 9 14
51 22 19
36 57 20
9 43 16
4 3 17
11 30 10
13 21 7
7 57 4
49 39 16
47 41 11
48 4 5
49 11 18
56 27 14
6 29 15
47 13 8
12 32 14
15 21 13
26 59 16
58 35 15
3 44 16
27 38 3
52 20 7
49 12 10
11 50 4
17 54 15
6 57 14
37 16 14
46 9 3
22 5 5
5 25 20
49 38 4
18 35 7
4 57 16
34 2 11
5 54 16
53 18 14
56 17 19
15 4 19
45 51 7
32 12 20
42 46 20
34 59 12
60 20 14
22 19 9
37 31 18
54 28 15
15 34 7
31 49 19
36 28 8
59 56 8
44 10 14
57 10 14
42 24 15
31 29 2
46 2 6
5 21 16
45 17 8
28 4 14
14 41 18
23 48 19
38 17 8
21 40 14
51 20 19
42 19 2
27 24 17
33 22 10
18 45 10
10 53 9
33 41 10
59 42 5
6 18 12
40 36 8
1 37 2
54 1 15
45 55 1
16 19 6
55 59 14
4 48 3
60 41 1
32 26 16
27 33 2
14 27 13
36 21 1
9 4 12
37 36 1
42 27 6
29 31 2
41 5 18
23 4 12
13 38 1
44 10 17
12 33 12
16 6 11
35 30 7
20 17 13
32 57 15
21 28 5
44 60 6
12 57 11
16 45 11
1 48 16
38 57 16
23 30 13
39 43 20
37 39 20
26 39 6
2 44 13
51 55 4
22 1 14
41 38 2
38 16 4
10 27 4
26 22 10
49 48 9
16 4 6
23 54 9
24 13 4
28 16 5
47 34 6
11 54 2
9 28 17
57 59 15
5 12 11
38 44 11
27 56 8
26 28 5
47 20 6
42 59 1
25 35 17
38 14 15
4 39 12
28 6 5
2 4 14
25 37 8
34 38 20
3 1 15
4 2 14
29 35 20
7 40 9
1 25 5
25 53 17
32 30 4
55 52 9
32 11 4
56 23 12
41 9 2
2 50 9
58 50 3
13 15 5
60 55 19
54 41 2
46 3 19
27 45 18
34 16 20
31 25 7
53 14 12
12 37 20
13 36 14
2 43 14
24 12 3
44 21 13
28 15 2
24 58 4
55 28 3
19 11 6
59 22 8
27 35 7
17 46 5
12 36 11
7 24 10
41 5 3
47 26 13
26 51 4
46 53 18
17 60 14
5 1 11
38 33 1
19 32 14
52 25 10
60 53 5
21 22 14
40 57 17
40 4 17
15 1 2
13 14 13
39 57 15
26 29 7
32 54 18
34 7 14
15 37 20
59 47 3
11 57 10
29 18 5
53 11 6
5 11 8
54 36 10
40 48 12
32 28 17
26 22 1
44 36 12
46 51 7
15 24 17
30 47 12
4 35 12
20 59 7
21 48 4
33 4 19
9 20 13
54 16 15
14 48 6
39 20 1
32 3 16
26 37 19
13 5 1
47 53 3
18 8 15
2 15 17
49 26 5
28 36 8
45 43 6
37 24 2
30 37 5
48 58 11
59 54 10
57 47 13
29 2 20
3 10 16
26 36 13
42 28 19
8 7 4
52 38 7
14 18 11
54 48 5
26 22 5
2 22 12
16 28 3
60 44 16
14 26 10
37 49 13
55 49 14
22 53 7
58 22 17
29 14 17
3 20 2
27 1 19
34 53 17
30 15 13
31 59 14
40 8 2
31 28 10
26 46 6
48 31 15
22 60 1
40 42 16
39 44 9
55 46 14
52 10 17
17 57 8
25 11 16
46 13 17
15 51 15
23 26 8
31 55 7
36 34 1
8 60 15
42 6 2
2 14 7
23 22 5
36 59 17
25 37 9
35 34 11
8 3 10
11 18 18
36 9 16
30 12 3
47 12 2
33 6 7
13 15 4
8 7 14
25 7 11
37 57 20
38 26 13
15 18 16
19 57 13
52 4 15
15 9 1
6 15 6
24 2 4
2 45 9
52 59 9
15 18 16
46 43 13
21 29 13
17 58 1
20 26 20
17 4 15
11 26 16
26 41 7
30 59 8
26 43 2
23 32 2
5 35 20
57 4 17
56 35 13
57 13 18
35 53 15
33 39 19
14 7 1
6 11 15
33 56 18
11 19 10
5 35 10
49 58 18
41 44 11
24 14 11
23 29 5
27 52 11
17 37 8
19 54 5
53 5 3
27 15 9
30 36 8
50 23 3
18 50 14
56 41 5
49 31 3
59 54 2
38 53 6
20 2 12
59 18 5
13 44 20
55 4 3
57 50 12
52 33 7
29 18 11
47 25 6
7 33 1
48 34 13
11 13 17
22 34 10
33 41 13
29 40 12
42 43 17
2 8 6
26 20 6
60 59 4
52 53 8
9 7 6
23 4 2
23 8 6
32 38 2
40 44 2
30 40 5
32 40 9
54 9 11
6 31 19
50 20 14
29 33 7
12 24 5
3 32 4
27 32 15
36 25 7
43 55 16
38 36 3
26 30 13
51 6 18
56 18 4
20 55 14
58 6 18
13 3 3
55 21 1
39 22 10
20 12 3
39 32 8
53 44 9
41 9 2
18 55 20
58 27 20
38 5 8
23 36 9
31 39 5
60 17 7
45 17 18
22 43 17
8 9 5
48 35 6
22 34 11
40 20 9
25 1 11
47 23 7
55 38 12
54 58 20
20 25 6
38 54 9
34 57 4
11 15 3
31 53 7
24 45 11
35 1 19
4 42 6
16 38 16
33 6 9
38 2 19
12 5 19
34 37 20
44 59 12
18 42 11
42 51 12
29 49 7
19 26 8
5 20 8
30 35 11
18 35 14
3 23 18
12 32 18
35 25 14
15 3 6
36 56 15
50 42 4
58 25 13
51 45 13
55 12 8
59 24 7
11 2 3
6 42 19
35 46 19
53 23 11
6 5 4
18 60 6
30 28 14
2 28 7
4 49 10
18 38 4
11 13 13
14 24 19
27 51 13
60 6 14
53 11 8
1 60 18
2 52 1
8 57 11
6 49 1
37 10 12
32 5 13
45 23 4
35 11 6
25 2 13
6 5 6
49 17 20
25 59 12
53 12 20
12 7 9
7 8 12
33 7 19
34 50 3
19 18 10
60 18 16
12 37 1
38 9 11
35 21 10
23 3 13
29 28 19
2 14 1
60 7 17
20 43 4
41 34 3
53 47 15
12 4 1
51 60 17
26 23 4
60 40 14
36 4 2
12 17 12
20 52 3
15 52 14
35 38 15
23 49 20
13 9 11
38 50 16
3 9 6
27 44 17
23 57 5
22 26 20
2 14 16
7 23 1
60 8 7
28 7 17
46 33 16
28 31 1
34 19 14
56 19 10
22 33 6
16 47 10
57 40 10
19 18 7
50 16 12
4 35 10
3 33 18
46 12 14
29 13 6
53 57 16
27 35 6
15 7 14
58 45 20
28 58 15
17 40 14
43 45 8
12 21 9
42 17 4
14 13 16
34 38 5
36 37 1
52 53 8
3 35 14
47 29 8
38 59 2
25 49 17
37 42 14
52 13 5
19 3 20
15 25 1
13 16 7
17 49 12
42 50 1
24 11 16
18 8 17
45 21 19
29 27 6
13 16 11
40 49 8
15 16 14
47 17 8
13 26 3
38 55 11
25 13 7
33 60 7
16 9 9
39 33 6
52 54 11
6 35 16
39 53 20
11 18 19
29 28 18
31 60 15
6 41 17
51 46 16
44 29 17
23 11 7
26 3 13
49 6 15
35 30 4
39 4 16
13 29 20
34 7 5
49 4 8
13 21 11
11 34 8
34 50 3
39 41 16
40 55 4
27 10 8
12 30 14
53 18 4
7 37 13
41 42 1
47 11 5
32 47 3
24 16 10
2 52 14
21 37 17
14 55 11
60 34 12
33 30 1
37 10 13
8 47 6
41 31 12
54 9 7
17 13 8
8 18 5
35 27 10
22 11 14
7 28 4
30 35 4
36 27 7
56 42 6
45 40 14
41 35 6
59 29 3
55 16 13
53 15 8
55 54 2
40 23 19
37 43 16
14 41 6
59 13 4
55 23 19
20 57 18
45 4 9
55 26 15
6 21 8
9 18 1
7 35 6
41 44 2
37 31 15
22 30 12
21 49 3
10 57 10
50 34 6
53 19 16
46 22 4
13 50 18
54 27 11
15 27 7
45 43 2
3 51 11
39 60 14
47 4 11
27 34 5
53 24 4
59 25 15
27 33 18
60 47 11
1 44 19
25 35 14
5 13 18
54 58 17
2 9 2
7 40 5
23 35 3
58 34 6
50 53 20
37 22 17
58 11 20
35 59 15
24 36 11
54 57 4
37 40 14
53 39 7
38 47 3
50 12 17
34 27 5
40 39 5
46 41 5
31 15 9
43 34 11
7 34 3
59 40 6
17 20 3
5 26 16
40 32 20
12 43 12
60 53 4
57 7 11
13 51 14
35 40 18
36 2 13
28 46 17
4 7 6
24 50 12
37 35 14
42 36 19
28 44 10
4 28 14
1 39 8
5 34 4
13 25 19
2 16 19
24 10 19
40 57 2
18 49 20
54 59 11
42 29 14
15 49 2
58 42 10
28 58 14
36 41 12
32 37 19
60 54 20
35 24 7
5 42 20
23 50 14
44 21 11
19 16 3
28 13 20
36 58 16
44 58 8
42 60 3
12 41 12
14 3 19
48 26 2
12 15 2
24 14 10
13 37 19
19 47 4
10 7 1
1 33 18
25 37 13
3 21 15
16 38 17
31 52 2
12 48 11
43 9 4
23 3 14
50 57 8
28 7 8
5 3 6
50 60 4
39 44 8
54 28 1
30 33 10
18 55 12
42 37 12
14 60 20
23 28 16
22 48 6
16 9 4
37 14 11
38 16 6
42 34 14
46 34 6
60 38 7
41 56 6
21 59 19
11 5 4
29 41 9
6 43 4
27 6 1
3 30 15
14 2 6
52 53 16
52 59 2
3 27 19
46 40 17
48 40 4
2 60 20
42 10 14
46 52 6
2 33 16
53 15 14
54 53 9
53 35 2
56 14 10
30 18 9
45 32 5
36 48 18
29 18 5
29 48 5
59 30 13
20 44 8
35 7 19
*
